1
3
5
14
22
23
24
26
27
32
35
44
47
48
54
61
63
72
76
77
78
79
81
82
86
87
103
108
109
110
112
120
122
129
130
139
140
141
157
158
162
163
171
180
181
186
188
189
191
197
199
206
213
216
223
228
231
235
243
246
252
255
256
261
262
263
266
269
271
286
291
294
296
302
309
315
317
321
329
331
332
337
339
340
347
348
349
356
362
366
368
372
374
377
378
387
393
400
405
406
407
408
409
410
417
419
427
433
437
438
439
463
472
475
478
488
499
503
504
508
509
517
521
527
540
548
551
560
564
574
585
589
598
604
607
610
616
618
631
638
639
646
660
670
674
677
678
679
685
689
690
693
698
703
706
710
711
718
721
722
723
725
726
728
730
737
741
748
749
761
763
772
773
779
780
781
791
800
805
808
811
812
814
818
821
825
827
828
838
839
844
845
856
867
868
872
878
887
888
905
908
909
921
932
938
940
958
962
968
973
981
983
988
991
1008
1010
1012
1014
1016
1019
1021
1028
1029
1035
1052
1053
1054
1056
1058
1071
1080
1082
1085
1093
1099
1104
1105
1108
1112
1116
1118
1121
1122
1123
1142
1146
1147
1165
1172
1175
1182
1186
1191
1193
1199
1201
1213
1221
1222
1223
1224
1236
1239
1243
1249
1252
1253
1254
1256
1259
1262
1266
1267
1274
1280
1292
1297
1303
1309
1310
1318
1323
1326
1331
1333
1337
1356
1357
1365
1382
1386
1394
1395
1397
1399
1400
1412
1414
1418
1422
1428
1433
1437
1438
1442
1443
1447
1448
1449
1450
1453
1469
1472
1476
1478
1485
1491
1493
1499
1503
1504
1508
1511
1518
1519
1523
1524
1531
1532
1547
1549
1552
1560
1563
1564
1565
1567
1572
1575
1576
1585
1592
1599
1606
1610
1615
1618
1629
1641
1645
1649
1651
1653
1657
1659
1661
1662
1663
1670
1671
1675
1681
1683
1689
1690
1691
1692
1694
1697
1698
1699
1700
1702
1710
1711
1717
1720
1722
1733
1749
1753
1755
1758
1765
1766
1767
1772
1776
1778
1784
1790
1793
1809
