3
5
14
22
23
24
26
27
32
44
47
54
61
63
72
76
77
78
79
81
86
87
88
95
103
108
109
110
112
117
120
122
129
130
139
140
141
146
158
163
171
172
180
186
188
189
191
197
199
203
206
213
216
219
223
228
231
235
243
246
252
255
256
261
262
263
264
266
269
271
286
292
294
296
298
302
309
315
317
321
322
329
331
332
337
339
340
347
348
349
359
362
366
368
372
374
377
378
381
387
393
394
400
405
406
408
409
410
417
419
425
433
435
437
438
439
459
463
472
475
488
499
503
504
508
509
521
524
525
527
540
548
551
554
557
564
574
585
592
598
604
607
610
616
618
630
631
638
639
646
660
668
670
674
676
677
678
679
682
685
689
690
693
698
703
706
710
711
716
718
721
722
723
726
728
730
736
737
748
749
752
761
772
773
779
780
791
800
808
811
812
814
818
821
825
827
828
832
835
838
839
844
845
851
856
867
868
872
887
888
905
908
909
915
921
932
938
940
958
962
968
973
974
978
981
983
986
988
991
1008
1010
1012
1014
1016
1021
1023
1028
1029
1035
1052
1053
1054
1056
1058
1065
1067
1071
1080
1081
1082
1085
1099
1104
1105
1108
1112
1118
1119
1121
1122
1123
1142
1146
1165
1168
1172
1175
1182
1186
1191
1193
1199
1209
1213
1214
1221
1222
1223
1224
1227
1236
1237
1239
1243
1249
1252
1253
1254
1256
1259
1262
1266
1267
1273
1274
1281
1297
1303
1309
1310
1318
1323
1326
1331
1334
1337
1344
1356
1357
1359
1360
1364
1365
1367
1382
1385
1386
1394
1397
1399
1400
1414
1418
1422
1426
1428
1433
1437
1438
1442
1443
1447
1448
1449
1450
1453
1458
1469
1472
1476
1478
1482
1485
1489
1493
1499
1502
1503
1504
1508
1510
1511
1514
1516
1518
1519
1523
1524
1531
1532
1546
1547
1549
1552
1560
1563
1564
1565
1567
1571
1572
1575
1576
1585
1592
1599
1615
1618
1641
1649
1650
1651
1653
1657
1659
1661
1662
1663
1669
1671
1675
1681
1683
1689
1690
1691
1692
1694
1697
1698
1699
1702
1710
1711
1717
1720
1722
1733
1737
1749
1753
1758
1759
1765
1767
1772
1776
1778
1779
1781
1784
1790
1793
1809
